0000000001010110
0000000010100010
0000000001101100
0000000010001000
0000000010110101
0000000001111000
0000000010011011
0000000010001111
0000000001111101
0000000001100101
0000000001010111
0000000010000101
0000000001110010
0000000010001100
0000000010010010
0000000010010000
0000000001110000
0000000010111110
0000000001100011
1111111111101101
0000000000110101
0000000001101011
0000000000110000
0000000000110111
0000000000000000
0000000000110101
0000000000000110
1111111111101010
1111111111111011
0000000000011000
0000000000001101
0000000000000000
0000000000000100
0000000000000000
1111111111011000
1111111111011100
1111111111000010
1111111110011011
1111111110110011
1111111110111101
1111111110101110
1111111111001111
1111111110101001
1111111111010010
0000000000100000
0000000000000011
1111111110110011
1111111111100011
0000000000010110
1111111111011000
0000000000011111
0000000001001110
1111111111010110
1111111111100111
0000000000100011
0000000000000100
1111111111111100
0000000000011001
0000000001110101
0000000000100111
0000000000000011
0000000001101001
0000000000101000
0000000000111110
0000000000100111
1111111111110111
0000000000101001
0000000000011101
1111111111011010
1111111111111101
0000000000000101
1111111111100000
1111111111010011
1111111110101101
1111111111011110
1111111110111101
1111111110100101
1111111111101001
1111111111010100
1111111110010011
1111111110011011
1111111110111000
1111111110000100
1111111110111010
1111111111001001
1111111101110110
1111111110100001
1111111110101011
1111111101011000
1111111101010101
1111111110000100
1111111101111010
1111111100110111
1111111110011010
1111111101100100
1111111110111010
1111111110011011
1111111101100110
1111111101011011
1111111110001001
1111111110000001
1111111110010000
1111111101101010
1111111110100000
1111111110000101
1111111111001110
1111111110010001
1111111111001001
1111111111100000
0000000000010011
0000000000011101
0000000001000001
0000000000010001
0000000000111011
0000000000101101
0000000001110110
0000000000000000
0000000010010100
0000000001000101
0000000010101000
0000000010010110
0000000010010110
0000000010100100
0000000011000100
0000000100011100
0000000011110111
0000000100001010
0000000011100010
0000000100011001
0000000011101101
0000000100011000
0000000100001100
0000000011110001
0000000011010010
0000000101001111
0000000100000000
0000000011100011
0000000011011001
0000000011110000
0000000011001001
0000000011011111
0000000010011010
0000000010000110
0000000010001001
0000000001101010
0000000001110101
0000000001000000
0000000001100101
0000000000110011
1111111110111010
1111111110111001
1111111111011101
1111111110111011
1111111110011000
1111111110010010
1111111111001110
1111111101111100
1111111110011100
1111111101000111
1111111101001101
1111111101000110
1111111100110110
1111111011101000
1111111100000000
1111111101000001
1111111011011000
1111111011110010
1111111010111101
1111111011110110
1111111011111111
1111111100011110
1111111100010110
1111111101001100
1111111100110101
1111111100101100
1111111011110101
1111111100111111
1111111100001011
1111111100101001
1111111101110011
1111111101101010
1111111100100010
1111111110011101
1111111111001111
1111111110011100
1111111111110001
1111111110001001
1111111110100000
1111111111001101
1111111111100011
1111111111111000
0000000000001100
0000000000110100
0000000001100011
0000000001000011
0000000000110001
0000000001100111
0000000000111000
0000000010100100
0000000010101000
