000000000000000000000000
000000000000000000010011
000000000000000000011110
000000000000000000110011
000000000000000001000000
000000000000000001010001
000000000000000001100011
000000000000000001110010
000000000000000010000000
000000000000000010000101
000000000000000010000100
000000000000000001110100
000000000000000001110010
000000000000000001101010
000000000000000001100100
000000000000000001011000
000000000000000001001111
000000000000000000111110
000000000000000000111111
000000000000000000110100
000000000000000000101011
000000000000000000101000
000000000000000000011101
000000000000000000100101
000000000000000000100000
000000000000000000100000
000000000000000000011010
000000000000000000011111
000000000000000000011111
000000000000000000100000
000000000000000000100101
000000000000000000011101
000000000000000000100010
000000000000000000010110
000000000000000000010111
000000000000000000100011
000000000000000000100101
000000000000000000011111
000000000000000000110011
000000000000000000111001
000000000000000001000100
000000000000000001011011
000000000000000001101001
000000000000000001101010
000000000000000001110111
000000000000000010000011
000000000000000001111100
000000000000000010001100
000000000000000010001110
000000000000000010001100
000000000000000010001010
000000000000000010001111
000000000000000010000101
000000000000000010001010
000000000000000010000000
000000000000000001110110
000000000000000001101010
000000000000000001011010
000000000000000001001000
000000000000000000111000
000000000000000000101000
000000000000000000010101
000000000000000000000001
111111111111111111101001
111111111111111111011000
111111111111111111000011
111111111111111110100110
111111111111111110001111
111111111111111101111010
111111111111111101100000
111111111111111101010011
111111111111111101000001
111111111111111100101100
111111111111111100010011
111111111111111100010000
111111111111111100000100
111111111111111100000100
111111111111111011111110
111111111111111011111010
111111111111111011110111
111111111111111011110111
111111111111111100001110
111111111111111100010010
111111111111111100010111
111111111111111100100001
111111111111111100110000
111111111111111101000000
111111111111111101010000
111111111111111101100110
111111111111111101111011
111111111111111110010001
111111111111111110011111
111111111111111110111000
111111111111111111000100
111111111111111111010101
111111111111111111110100
000000000000000000000110
000000000000000000010011
000000000000000000011110
000000000000000000111011
000000000000000001000111
000000000000000001011010
000000000000000001101010
000000000000000001101100
000000000000000001111001
000000000000000001111011
000000000000000010001111
000000000000000010010100
000000000000000010001100
000000000000000010001011
000000000000000010001001
000000000000000010000100
000000000000000010000001
000000000000000001110111
000000000000000001101001
000000000000000001011111
000000000000000001011010
000000000000000001010111
000000000000000001001001
000000000000000001000011
000000000000000000110100
000000000000000000110111
000000000000000000110000
000000000000000000101110
000000000000000000101001
000000000000000000100011
000000000000000000100010
000000000000000000010111
000000000000000000011000
000000000000000000010110
000000000000000000010011
000000000000000000001111
000000000000000000010001
000000000000000000001111
000000000000000000010110
000000000000000000100111
000000000000000000101010
000000000000000000110010
000000000000000001000010
000000000000000001010110
000000000000000001100010
000000000000000001101011
000000000000000001110001
000000000000000001110100
000000000000000001111111
000000000000000001111111
000000000000000010000100
000000000000000010000011
000000000000000010000011
000000000000000010001111
000000000000000010001010
000000000000000010000111
000000000000000010000110
000000000000000010000001
000000000000000001110010
000000000000000001011111
000000000000000001001110
000000000000000000111110
000000000000000000111000
000000000000000000100100
000000000000000000010000
000000000000000000000101
111111111111111111110101
111111111111111111100111
111111111111111111011000
111111111111111110111000
111111111111111110100101
111111111111111110010100
111111111111111110000011
111111111111111101101010
111111111111111101010111
111111111111111101000010
111111111111111100110110
111111111111111100110100
111111111111111100100100
111111111111111100011110
111111111111111100001111
111111111111111100001001
111111111111111100010011
111111111111111100010010
111111111111111100010011
111111111111111100010001
111111111111111100010010
111111111111111100010001
111111111111111100100100
111111111111111100110000
111111111111111100111001
111111111111111101001111
111111111111111101011101
111111111111111101110101
111111111111111110001110
111111111111111110101011
111111111111111111000010
111111111111111111010011
111111111111111111100111
000000000000000000000001
000000000000000000011111
000000000000000000101101
000000000000000001000100
