0000000010011100
0000000010001010
0000000010100000
0000000011010011
0000000001100010
0000000010011000
0000000010111011
0000000010010101
0000000010100001
0000000010101000
0000000001111011
0000000010101101
0000000001101101
0000000010011001
0000000011010111
0000000010001110
0000000010000000
0000000001110101
0000000001101010
0000000001110010
0000000001000010
0000000000001011
0000000001000001
0000000010110001
0000000001001001
0000000000011011
0000000000100111
0000000000011010
1111111111010010
0000000000010101
0000000000100010
0000000000110100
1111111111100110
0000000000110110
1111111111110110
1111111111101000
1111111111111000
1111111111001000
1111111111110011
1111111110100000
1111111111011100
1111111111100110
1111111110110101
1111111110110011
1111111110110101
1111111110111101
1111111111110011
0000000001001101
1111111111010110
1111111111100000
1111111111111101
0000000000001000
0000000000010110
1111111111010101
0000000000001001
0000000000110010
0000000001000001
1111111111111101
1111111111010001
0000000000010001
0000000000000001
1111111111111111
0000000000100101
0000000000001000
0000000000000000
0000000001000100
0000000000001110
1111111111111000
0000000000000000
0000000001000011
1111111111111110
0000000000100111
1111111111011110
1111111111111010
1111111111011111
0000000000000001
1111111111111001
1111111110111000
1111111110111000
1111111110101001
1111111111001001
1111111111100010
1111111110111100
1111111101101100
1111111101110011
1111111100110110
1111111100111001
1111111101110100
1111111101100000
1111111101100010
1111111110001101
1111111110010100
1111111101010010
1111111110101111
1111111110000000
1111111110011111
1111111101011100
1111111100110010
1111111110001001
1111111110001111
1111111101010000
1111111111011101
1111111110011111
1111111110001011
0000000000000000
1111111110101101
1111111111001101
0000000000010000
1111111111110001
1111111111011010
0000000000000100
0000000001000101
0000000000110010
0000000001111010
0000000001010101
0000000010010000
0000000001101111
0000000001001011
0000000001011111
0000000010010101
0000000010011001
0000000011010001
0000000011000000
0000000011010111
0000000011101100
0000000100010011
0000000011011111
0000000011101100
0000000010101000
0000000010111010
0000000100100100
0000000101011010
0000000100001001
0000000010110010
0000000011110001
0000000010000100
0000000010111000
0000000100010001
0000000011101001
0000000010100011
0000000011010101
0000000010011110
0000000001111110
0000000001100011
0000000001100110
0000000000100110
0000000001000011
0000000001011110
0000000000001011
1111111111110111
1111111111011011
1111111111110011
0000000000000101
1111111110001101
1111111110110000
1111111110000011
1111111100010010
1111111101010000
1111111100101001
1111111101111000
1111111100101000
1111111011000101
1111111100100010
1111111011111101
1111111100010011
1111111100101000
1111111100011010
1111111011101110
1111111100110111
1111111100110011
1111111011011111
1111111011010110
1111111100100000
1111111101001000
1111111100111110
1111111101011000
1111111101110110
1111111101100101
1111111100111110
1111111101100001
1111111101110100
1111111101001001
1111111110110010
1111111110100000
1111111110100101
1111111111011000
1111111111101101
1111111111000110
0000000000000000
1111111111100001
0000000001001111
0000000000011100
0000000001011110
0000000001000010
0000000001010100
0000000001011011
0000000001011110
0000000001110101
0000000001101010
0000000010000001
