000000000000000000000000
000000000000101010000000
000000000001000110000000
000000000001110010000000
000000000010100100100000
000000000011000101010000
000000000011111011010000
000000000100011110010000
000000000100111111000000
000000000100101110010000
000000000100111000100000
000000000100100001000000
000000000011110111110000
000000000011011101000000
000000000010111001010000
000000000010100100000000
000000000010010000010000
000000000001110101110000
000000000001100001010000
000000000001000001110000
000000000000111111100000
000000000000110111010000
000000000000010110110000
000000000000011000110000
000000000000010110100000
000000000000001010010000
111111111111101010000000
111111111111111011000000
111111111111110010000000
000000000000000011110000
000000000000100011010000
000000000000010000010000
000000000000010000000000
000000000000110100110000
000000000001001100000000
000000000000111011010000
000000000001001111000000
000000000001011000110000
000000000001011011010000
000000000001110010000000
000000000010000101010000
000000000010000010000000
000000000010011011110000
000000000011001101000000
000000000011010011000000
000000000011011101010000
000000000011110000000000
000000000100010011010000
000000000100011010100000
000000000100111001100000
000000000100111111100000
000000000100111100010000
000000000100111011000000
000000000100110110100000
000000000100100000010000
000000000100000010110000
000000000011100101010000
000000000010111001100000
000000000010100010110000
000000000001111100000000
000000000001011000100000
000000000001000010010000
000000000000010110010000
111111111111100100110000
111111111110111111110000
111111111110010011000000
111111111101010110110000
111111111100011110000000
111111111011111011110000
111111111011000000010000
111111111010101001010000
111111111010000110000000
111111111001100110010000
111111111001101001100000
111111111001001101100000
111111111001001100000000
111111111000111011110000
111111111000100100100000
111111111000000010110000
111111111000000010100000
111111110111111111110000
111111110111110000010000
111111111000001111000000
111111111000100011110000
111111111000111011010000
111111111001011101000000
111111111001111111100000
111111111010011000000000
111111111011011000010000
111111111011110001100000
111111111100001001010000
111111111100101110000000
111111111101010010000000
111111111110000111110000
111111111111001110100000
111111111111111100010000
000000000000001011010000
000000000000111100010000
000000000001100000000000
000000000001110010010000
000000000010010001010000
000000000010101111100000
000000000010111111000000
000000000011001110000000
000000000011101111000000
000000000011110100110000
000000000100010100110000
000000000100011001010000
000000000100110001100000
000000000100101110010000
000000000100101001110000
000000000101000110000000
000000000100110011100000
000000000100100110000000
000000000100000111110000
000000000011111001000000
000000000011011011110000
000000000010111010100000
000000000010011101110000
000000000001101101100000
000000000001101100000000
000000000001001101110000
000000000001000011000000
000000000001001000000000
000000000000111100000000
000000000001000110010000
000000000001001010110000
000000000001001000100000
000000000000110010000000
000000000001001010000000
000000000001001101000000
000000000000111111110000
000000000001000010010000
000000000000110110010000
000000000000011100100000
000000000000011110000000
000000000000110011100000
000000000000111011100000
000000000000110111010000
000000000001011000000000
000000000001110001110000
000000000010000101110000
000000000010100111010000
000000000010111010000000
000000000010111110110000
000000000011011101100000
000000000011111010000000
000000000100010000100000
000000000100001000110000
000000000100010011100000
000000000100110000000000
000000000100101110110000
000000000100101000100000
000000000011111111010000
000000000011101001100000
000000000011000000000000
000000000010100110010000
000000000010010000100000
000000000001111000100000
000000000001010001110000
000000000000110100100000
000000000000010010100000
111111111111100110100000
111111111111000111000000
111111111110010000010000
111111111101010101000000
111111111100101011000000
111111111100001011110000
111111111011100011100000
111111111011001001110000
111111111010101000010000
111111111010000001100000
111111111001110011000000
111111111001010000010000
111111111000010100110000
111111110111111110110000
111111110111100101010000
111111110111000100000000
111111110111001010000000
111111110111010010100000
111111110111100001100000
111111110111100011100000
111111110111111100110000
111111111000010101000000
111111111000111010000000
111111111001110010100000
111111111010001101110000
111111111010101011000000
111111111011001010010000
111111111011111110000000
111111111100100110110000
111111111101010000000000
111111111101110110000000
111111111110011000010000
111111111110110100110000
111111111111100011110000
000000000000000001110000
000000000000110101010000
000000000001100001100000
