0000000010011111
0000000001010101
0000000010100100
0000000001101101
0000000010001001
0000000010001110
0000000001110110
0000000001101111
0000000011001010
0000000001001110
0000000000100011
0000000001011011
0000000001001011
0000000001011011
0000000000010110
0000000000101011
0000000001000011
0000000001010001
1111111111001011
0000000000010101
0000000000110011
0000000000000100
0000000001010100
0000000000000111
0000000001000001
0000000000011110
1111111111111000
0000000000010011
0000000000111000
0000000000101111
0000000000010100
0000000000101100
1111111111100000
0000000000101000
0000000001011001
0000000000100111
0000000000000110
0000000011001010
0000000001000111
0000000010000010
0000000010010111
0000000010011011
0000000001100100
0000000010001111
0000000001100110
0000000010010001
0000000011000011
0000000010010110
0000000010000111
0000000010000110
0000000010001100
0000000001000000
0000000010001110
0000000001000101
0000000001110000
0000000000110101
0000000000001001
1111111111110110
0000000000001110
1111111110111111
1111111111110100
1111111110101000
1111111110110000
1111111110101001
1111111101100111
1111111100000111
1111111101010111
1111111100011010
1111111100100011
1111111100111111
1111111100100000
1111111100000010
1111111010011101
1111111011101111
1111111011110111
1111111100011101
1111111011110101
1111111100011110
1111111100000101
1111111100000001
1111111101011010
1111111100001011
1111111100100000
1111111101101100
1111111101110010
1111111110010111
1111111110000101
1111111110110111
1111111111111111
1111111110111101
1111111110001100
0000000000111010
1111111111001110
0000000000011110
0000000010000001
0000000001000001
0000000001101001
0000000000011000
0000000001110110
0000000010010110
0000000001101000
0000000010011001
0000000010010110
0000000010101001
0000000001111001
0000000010111001
0000000010011011
0000000001011000
0000000001100010
0000000010000010
0000000001110011
0000000010010001
0000000000101010
0000000001000101
0000000001001011
0000000000110101
0000000001000110
0000000000010001
0000000001000010
0000000000011011
0000000001000001
0000000000010000
0000000000111001
0000000000010000
0000000000010011
0000000000001100
1111111111101011
0000000000011111
0000000000110011
1111111111111010
0000000000011001
0000000000011100
0000000000000100
0000000001000101
0000000001101110
0000000000111000
0000000001111000
0000000001110111
0000000010111100
0000000001111001
0000000001001110
0000000001110001
0000000010001010
0000000010001110
0000000001110111
0000000010011101
0000000010110110
0000000001111101
0000000010101010
0000000001001101
0000000001101111
0000000010000100
0000000001001110
0000000000100101
0000000000100000
1111111111111001
0000000000101011
0000000000011001
1111111111001100
1111111111101011
1111111111110011
1111111110101000
1111111110101010
1111111110000010
1111111100110000
1111111110000001
1111111101000100
1111111101011110
1111111100110000
1111111100001100
1111111100000101
1111111100011101
1111111100100100
1111111100000000
1111111100010111
1111111011100101
1111111011111101
1111111101011101
1111111011111011
1111111100101000
1111111100010000
1111111100001110
1111111100001110
1111111101111101
1111111101011110
1111111110100010
1111111110101101
1111111110010111
1111111111001100
1111111111011100
1111111111110010
0000000000110011
1111111111101001
0000000000111110
0000000001111101
0000000010001101
0000000000110111
0000000010010011
0000000010011011
0000000010001010
